3

42
435.32  391.19
439.10  383.76
442.15  375.94
444.39  367.85
445.81  359.59
446.41  351.22
446.16  342.84
445.08  334.52
443.18  326.34
440.44  318.34
436.95  310.72
432.75  303.54
427.86  296.82
422.33  290.63
376.05  248.24
373.47  248.24
318.89  278.05
311.98  282.78
305.58  288.17
299.75  294.18
294.54  300.74
289.99  307.83
286.17  315.32
283.15  323.11
280.91  331.16
279.49  339.40
278.90  347.74
279.14  356.09
280.22  364.38
282.12  372.52
284.80  380.36
288.28  387.97
292.54  395.25
297.50  402.07
303.13  408.36
349.36  450.71
351.88  450.71
406.47  420.89
413.38  416.16
419.78  410.76
425.62  404.75
430.83  398.19

46
169.77  471.75
160.19  472.99
150.33  473.28
140.34  472.57
130.36  470.85
120.53  468.12
110.98  464.41
101.83  459.75
93.65  454.50
71.44  353.70
70.71  347.46
70.59  340.36
71.24  332.53
72.80  324.15
75.33  315.45
78.86  306.69
83.35  298.13
88.77  289.92
95.09  282.15
96.04  281.20
109.62  274.50
121.26  270.14
132.99  267.04
144.75  265.16
156.47  264.47
168.05  264.95
179.41  266.57
188.76  268.88
235.81  364.22
237.99  370.04
239.66  376.37
240.74  383.11
241.15  390.20
240.85  397.55
239.78  405.08
237.91  412.67
235.22  420.21
231.74  427.59
227.48  434.67
222.46  441.38
216.74  447.63
210.33  453.36
203.28  458.49
195.66  462.95
187.51  466.68
178.90  469.62

47
606.66  238.88
617.66  240.44
628.45  243.10
638.92  246.83
648.98  251.58
658.51  257.31
667.42  263.97
675.63  271.49
683.05  279.79
685.63  283.34
693.59  359.25
693.62  366.87
692.87  374.76
691.29  382.73
688.86  390.70
685.55  398.63
681.32  406.45
676.20  414.01
670.25  421.14
663.52  427.73
655.52  434.14
645.98  440.32
635.56  445.68
624.82  449.92
614.28  452.89
603.92  454.73
593.58  455.51
583.29  455.25
573.12  453.98
563.13  451.69
553.41  448.42
544.04  444.18
535.10  439.00
526.65  432.91
518.78  425.94
511.59  418.16
505.14  409.61
499.51  400.35
494.80  390.49
491.08  380.16
488.39  369.47
486.79  358.55
486.42  350.62
562.85  243.63
573.53  240.81
584.49  239.06
595.57  238.41

