3

4
1343.151  1168.671  -137.411
1768.181  912.409  507.796
1988.352  1593.690  -393.674
1086.885  1813.873  287.623
4
1 3 2
1 2 4
1 4 3
2 3 4

6
145.137  -641.908  -623.233
567.996  -882.412  -65.578
327.494  -324.757  357.280
-95.366  -84.253  -200.374
515.144  -271.903  -253.229
-42.512  -694.761  -12.725
8
1 5 2
2 5 3
3 5 4
4 5 1
3 4 6
4 1 6
1 2 6
2 3 6

8
-500.128  1124.474  950.618
-118.820  1714.870  718.937
471.573  1483.190  1100.244
90.265  892.794  1331.924
-731.806  1505.782  1541.014
-350.498  2096.181  1309.333
239.892  1864.500  1690.640
-141.413  1274.104  1922.319
12
1 2 3
1 3 4
2 6 7
2 7 3
3 7 8
3 8 4
4 8 5
4 5 1
5 6 2
5 2 1
6 5 8
6 8 7

