5

4
15.928  20.928  5.928
33.115  20.928  5.928
15.928  38.115  5.928
15.928  20.928  23.115
6
1 2
1 3
1 4
2 3
2 4
3 4

26
70.489  29.636  19.176
62.533  33.420  19.176
45.555  39.726  19.176
60.496  43.897  19.176
67.578  41.763  19.176
69.131  46.517  19.176
69.810  44.771  19.176
71.071  44.771  19.176
71.653  46.517  19.176
73.205  41.763  19.176
80.288  43.897  19.176
95.228  39.726  19.176
78.347  33.420  19.176
70.489  29.636  21.892
62.533  33.420  21.892
45.555  39.726  21.892
60.496  43.897  21.892
67.578  41.763  21.892
69.131  46.517  21.892
69.810  44.771  21.892
71.071  44.771  21.892
71.653  46.517  21.892
73.205  41.763  21.892
80.288  43.897  21.892
95.228  39.726  21.892
78.347  33.420  21.892
39
1 2
2 3
3 4
4 5
5 6
6 7
7 8
8 9
9 10
10 11
11 12
12 13
13 1
14 15
15 16
16 17
17 18
18 19
19 20
20 21
21 22
22 23
23 24
24 25
25 26
26 14
1 14
2 15
3 16
4 17
5 18
6 19
7 20
8 21
9 22
10 23
11 24
12 25
13 26

8
8.474  39.994  62.851
9.225  35.675  72.543
9.048  49.652  66.688
9.277  45.523  76.128
18.335  40.473  62.279
19.004  36.212  71.994
18.575  49.667  66.330
18.804  45.538  75.769
12
1 2
1 3
1 5
2 4
2 6
3 4
3 7
4 8
5 6
5 7
6 8
7 8

42
51.636  26.823  48.474
50.552  26.832  48.463
49.402  26.302  48.457
49.999  25.753  48.468
48.302  24.626  48.462
47.168  25.781  48.440
46.627  25.786  48.435
45.499  27.484  48.408
38.813  27.548  48.342
41.002  23.551  48.403
43.231  23.530  48.425
48.242  18.481  48.522
51.039  21.225  48.522
53.783  18.428  48.576
58.892  23.379  48.577
61.121  23.357  48.598
63.388  27.311  48.583
56.702  27.375  48.517
55.541  25.700  48.522
54.999  25.705  48.517
53.843  24.572  48.517
51.587  26.872  53.533
50.503  26.882  53.522
49.353  26.351  53.517
49.950  25.803  53.528
48.253  24.675  53.522
47.120  25.831  53.500
46.578  25.835  53.495
45.450  27.533  53.468
38.764  27.598  53.402
40.953  23.601  53.463
43.182  23.579  53.484
48.193  18.531  53.582
50.991  21.275  53.582
53.735  18.478  53.636
58.843  23.428  53.637
61.072  23.406  53.658
63.339  27.360  53.642
56.653  27.425  53.577
55.492  25.750  53.582
54.950  25.755  53.576
53.794  24.621  53.577
53
1 2
2 3
3 4
4 5
5 6
6 7
7 8
8 9
9 10
10 11
11 12
12 13
13 14
14 15
15 16
16 17
17 18
18 19
19 20
20 21
21 1
22 23
23 24
24 25
25 26
26 27
27 28
28 29
29 30
30 31
31 32
32 33
33 34
34 35
35 36
36 37
37 38
38 39
39 40
40 41
41 42
42 22
1 22
3 24
8 29
9 30
10 31
12 33
13 34
14 35
16 37
17 38
18 39

10
40.100  79.188  34.182
51.807  65.286  30.945
47.484  57.970  30.553
47.452  59.803  30.789
46.703  62.250  31.226
41.268  65.276  32.276
36.422  61.298  32.369
36.125  58.663  32.100
36.349  56.846  31.849
30.873  63.248  33.348
10
1 2
2 3
3 4
4 5
5 6
6 7
7 8
8 9
9 10
10 1

